0.004608585784848483
0.0066247147848484825
0.007830319196969698
0.008636770796969707
0.008836347203030314
0.008429048415151526
0.008025822615151525
0.008033968590909104
0.0060137666030302996
0.004608585784848483
0.0066247147848484825
0.008233544996969709
0.009846448196969709
0.010652899796969708
0.011056125596969708
0.010445177415151526
0.010449250403030314
0.009642798803030315
0.008029895603030315
0.006217415996969694
0.008033968590909104
0.009642798803030315
0.011255702003030315
0.012062153603030314
0.012058080615151526
0.012465379403030314
0.012062153603030314
0.011255702003030315
0.009642798803030315
0.007830319196969698
0.008840420190909103
0.010449250403030314
0.012062153603030314
0.012461306415151526
0.013271831003030315
0.013271831003030315
0.012868605203030315
0.012062153603030314
0.010449250403030314
0.008433121403030314
0.009243645990909103
0.010852476203030315
0.012465379403030314
0.012864532215151527
0.013675056803030314
0.013675056803030314
0.013271831003030315
0.012465379403030314
0.010852476203030315
0.008836347203030314
0.008836347203030314
0.010852476203030315
0.012465379403030314
0.013271831003030315
0.013675056803030314
0.013267758015151525
0.013271831003030315
0.012465379403030314
0.010852476203030315
0.008429048415151526
0.008433121403030314
0.010449250403030314
0.011654854815151525
0.012868605203030315
0.013271831003030315
0.013271831003030315
0.012868605203030315
0.012062153603030314
0.010449250403030314
0.008433121403030314
0.007219371015151512
0.009642798803030315
0.011255702003030315
0.012062153603030314
0.012465379403030314
0.012465379403030314
0.012062153603030314
0.010848403215151526
0.009642798803030315
0.007830319196969698
0.006217415996969694
0.008029895603030315
0.009642798803030315
0.010449250403030314
0.010852476203030315
0.010852476203030315
0.010449250403030314
0.009235500015151527
0.008029895603030315
0.006217415996969694
0.004608585784848483
0.0060137666030302996
0.008033968590909104
0.008433121403030314
0.008836347203030314
0.008429048415151526
0.008840420190909103
0.008033968590909104
0.0060137666030302996
0.004608585784848483
