0.004032258
0.006048387
0.0076612902
0.0084677418
0.0088709676
0.0088709676
0.0084677418
0.0076612902
0.006048387
0.004032258
0.006048387
0.008064516
0.0096774192
0.0104838708
0.0108870966
0.0108870966
0.0104838708
0.0096774192
0.008064516
0.006048387
0.0076612902
0.0096774192
0.0112903224
0.012096774
0.0124999998
0.0124999998
0.012096774
0.0112903224
0.0096774192
0.0076612902
0.0084677418
0.0104838708
0.012096774
0.0129032256
0.0133064514
0.0133064514
0.0129032256
0.012096774
0.0104838708
0.0084677418
0.0088709676
0.0108870966
0.0124999998
0.0133064514
0.0137096772
0.0137096772
0.0133064514
0.0124999998
0.0108870966
0.0088709676
0.0088709676
0.0108870966
0.0124999998
0.0133064514
0.0137096772
0.0137096772
0.0133064514
0.0124999998
0.0108870966
0.0088709676
0.0084677418
0.0104838708
0.012096774
0.0129032256
0.0133064514
0.0133064514
0.0129032256
0.012096774
0.0104838708
0.0084677418
0.0076612902
0.0096774192
0.0112903224
0.012096774
0.0124999998
0.0124999998
0.012096774
0.0112903224
0.0096774192
0.0076612902
0.006048387
0.008064516
0.0096774192
0.0104838708
0.0108870966
0.0108870966
0.0104838708
0.0096774192
0.008064516
0.006048387
0.004032258
0.006048387
0.0076612902
0.0084677418
0.0088709676
0.0088709676
0.0084677418
0.0076612902
0.006048387
0.004032258
